mu 
    3.1048    3.8984    4.4429    5.4334    5.6491    6.4401    6.7044
    7.0248    7.0248    7.5306    8.0856    8.4296
a0 
    0.0686    0.1393    0.1375   -0.0781   -0.0740   -0.1012   -0.1331
    0.1448    0.0839    0.1402   -0.0034   -0.1021
L1 
    0.0000    0.0000    0.0000    0.0000    0.0000    0.0000    0.0000
    0.0000    0.0000    0.0000    0.0000    0.0000    0.0000    0.0000
    0.0000    0.0000    0.0000    0.0000    0.0000    0.0000    0.0000
    0.0000    0.0508    0.0991    0.1428    0.1799    0.2091    0.2296
    0.2413    0.2446    0.2403    0.2298    0.2144    0.1953    0.1736
    0.1504    0.1261    0.1012    0.0761    0.0508    0.0254    0.0000
    0.0000    0.0991    0.1934    0.2785    0.3506    0.4069    0.4461
    0.4679    0.4732    0.4639    0.4425    0.4118    0.3743    0.3323
    0.2873    0.2407    0.1931    0.1450    0.0967    0.0484    0.0000
    0.0000    0.1428    0.2785    0.4005    0.5033    0.5830    0.6373
    0.6661    0.6710    0.6549    0.6220    0.5764    0.5220    0.4619
    0.3984    0.3331    0.2669    0.2002    0.1335    0.0667    0.0000
    0.0000    0.1799    0.3506    0.5033    0.6310    0.7285    0.7930
    0.8245    0.8253    0.8001    0.7544    0.6944    0.6252    0.5506
    0.4732    0.3945    0.3155    0.2364    0.1575    0.0787    0.0000
    0.0000    0.2091    0.4069    0.5830    0.7285    0.8372    0.9058
    0.9345    0.9267    0.8887    0.8288    0.7549    0.6736    0.5891
    0.5038    0.4186    0.3339    0.2498    0.1663    0.0830    0.0000
    0.0000    0.2296    0.4461    0.6373    0.7930    0.9058    0.9719
    0.9915    0.9693    0.9141    0.8373    0.7501    0.6605    0.5721
    0.4860    0.4020    0.3198    0.2389    0.1588    0.0793    0.0000
    0.0000    0.2413    0.4679    0.6661    0.8245    0.9345    0.9915
    0.9956    0.9523    0.8732    0.7752    0.6753    0.5824    0.4978
    0.4195    0.3453    0.2739    0.2042    0.1356    0.0677    0.0000
    0.0000    0.2446    0.4732    0.6710    0.8253    0.9267    0.9693
    0.9523    0.8805    0.7673    0.6395    0.5275    0.4402    0.3699
    0.3089    0.2530    0.2002    0.1490    0.0989    0.0493    0.0000
    0.0000    0.2403    0.4639    0.6549    0.8001    0.8887    0.9141
    0.8732    0.7673    0.6046    0.4214    0.3023    0.2398    0.1979
    0.1640    0.1338    0.1056    0.0785    0.0521    0.0260    0.0000
    0.0000    0.2298    0.4425    0.6220    0.7544    0.8288    0.8373
    0.7752    0.6395    0.4214    0.0000    0.0000    0.0000    0.0000
    0.0000    0.0000    0.0000    0.0000    0.0000    0.0000    0.0000
    0.0000    0.2144    0.4118    0.5764    0.6944    0.7549    0.7501
    0.6753    0.5275    0.3023    0.0000    0.0000    0.1953    0.3743
    0.5220    0.6252    0.6736    0.6605    0.5824    0.4402    0.2398
    0.0000    0.0000    0.1736    0.3323    0.4619    0.5506    0.5891
    0.5721    0.4978    0.3699    0.1979    0.0000    0.0000    0.1504
    0.2873    0.3984    0.4732    0.5038    0.4860    0.4195    0.3089
    0.1640    0.0000    0.0000    0.1261    0.2407    0.3331    0.3945
    0.4186    0.4020    0.3453    0.2530    0.1338    0.0000    0.0000
    0.1012    0.1931    0.2669    0.3155    0.3339    0.3198    0.2739
    0.2002    0.1056    0.0000    0.0000    0.0761    0.1450    0.2002
    0.2364    0.2498    0.2389    0.2042    0.1490    0.0785    0.0000
    0.0000    0.0508    0.0967    0.1335    0.1575    0.1663    0.1588
    0.1356    0.0989    0.0521    0.0000    0.0000    0.0254    0.0484
    0.0667    0.0787    0.0830    0.0793    0.0677    0.0493    0.0260
    0.0000    0.0000    0.0000    0.0000    0.0000    0.0000    0.0000
    0.0000    0.0000    0.0000    0.0000    0.0000
L2 
    0.0000    0.0000    0.0000    0.0000    0.0000    0.0000    0.0000
    0.0000    0.0000    0.0000    0.0000    0.0000    0.0000    0.0000
    0.0000    0.0000    0.0000    0.0000    0.0000    0.0000    0.0000
    0.0000    0.0000   -0.0034   -0.0129   -0.0306   -0.0571   -0.0918
   -0.1326   -0.1767   -0.2202   -0.2594   -0.2905   -0.3105   -0.3171
   -0.3089   -0.2858   -0.2484   -0.1984   -0.1382   -0.0710    0.0000
    0.0000    0.0034    0.0000   -0.0158   -0.0478   -0.0976   -0.1636
   -0.2422   -0.3272   -0.4117   -0.4878   -0.5485   -0.5877   -0.6011
   -0.5862   -0.5427   -0.4719   -0.3770   -0.2628   -0.1349    0.0000
    0.0000    0.0129    0.0158    0.0000   -0.0402   -0.1070   -0.1984
   -0.3087   -0.4293   -0.5495   -0.6583   -0.7453   -0.8022   -0.8228
   -0.8039   -0.7450   -0.6483   -0.5182   -0.3613   -0.1855    0.0000
    0.0000    0.0306    0.0478    0.0402    0.0000   -0.0757   -0.1844
   -0.3187   -0.4672   -0.6162   -0.7515   -0.8602   -0.9320   -0.9600
   -0.9403   -0.8729   -0.7603   -0.6081   -0.4241   -0.2178    0.0000
    0.0000    0.0571    0.0976    0.1070    0.0757    0.0000   -0.1172
   -0.2667   -0.4345   -0.6040   -0.7582   -0.8824   -0.9654   -1.0000
   -0.9828   -0.9141   -0.7972   -0.6380   -0.4451   -0.2286    0.0000
    0.0000    0.0918    0.1636    0.1984    0.1844    0.1172    0.0000
   -0.1562   -0.3349   -0.5163   -0.6810   -0.8131   -0.9018   -0.9410
   -0.9286   -0.8657   -0.7559   -0.6055   -0.4226   -0.2171    0.0000
    0.0000    0.1326    0.2422    0.3087    0.3187    0.2667    0.1562
    0.0000   -0.1825   -0.3681   -0.5343   -0.6650   -0.7517   -0.7916
   -0.7847   -0.7333   -0.6412   -0.5140   -0.3589   -0.1844    0.0000
    0.0000    0.1767    0.3272    0.4293    0.4672    0.4345    0.3349
    0.1825    0.0000   -0.1845   -0.3435   -0.4609   -0.5349   -0.5692
   -0.5669   -0.5309   -0.4648   -0.3729   -0.2604   -0.1339    0.0000
    0.0000    0.2202    0.4117    0.5495    0.6162    0.6040    0.5163
    0.3681    0.1845    0.0000   -0.1449   -0.2304   -0.2764   -0.2969
   -0.2968   -0.2785   -0.2440   -0.1958   -0.1368   -0.0703    0.0000
    0.0000    0.2594    0.4878    0.6583    0.7515    0.7582    0.6810
    0.5343    0.3435    0.1449    0.0000    0.0000    0.0000    0.0000
    0.0000    0.0000    0.0000    0.0000    0.0000    0.0000    0.0000
    0.0000    0.2905    0.5485    0.7453    0.8602    0.8824    0.8131
    0.6650    0.4609    0.2304    0.0000    0.0000    0.3105    0.5877
    0.8022    0.9320    0.9654    0.9018    0.7517    0.5349    0.2764
    0.0000    0.0000    0.3171    0.6011    0.8228    0.9600    1.0000
    0.9410    0.7916    0.5692    0.2969    0.0000    0.0000    0.3089
    0.5862    0.8039    0.9403    0.9828    0.9286    0.7847    0.5669
    0.2968    0.0000    0.0000    0.2858    0.5427    0.7450    0.8729
    0.9141    0.8657    0.7333    0.5309    0.2785    0.0000    0.0000
    0.2484    0.4719    0.6483    0.7603    0.7972    0.7559    0.6412
    0.4648    0.2440    0.0000    0.0000    0.1984    0.3770    0.5182
    0.6081    0.6380    0.6055    0.5140    0.3729    0.1958    0.0000
    0.0000    0.1382    0.2628    0.3613    0.4241    0.4451    0.4226
    0.3589    0.2604    0.1368    0.0000    0.0000    0.0710    0.1349
    0.1855    0.2178    0.2286    0.2171    0.1844    0.1339    0.0703
    0.0000    0.0000    0.0000    0.0000    0.0000    0.0000    0.0000
    0.0000    0.0000    0.0000    0.0000    0.0000
L3 
    0.0000    0.0000    0.0000    0.0000    0.0000    0.0000    0.0000
    0.0000    0.0000    0.0000    0.0000    0.0000    0.0000    0.0000
    0.0000    0.0000    0.0000    0.0000    0.0000    0.0000    0.0000
    0.0000   -0.0955   -0.1816   -0.2500   -0.2939   -0.3090   -0.2939
   -0.2500   -0.1816   -0.0955    0.0000    0.0955    0.1816    0.2500
    0.2939    0.3090    0.2939    0.2500    0.1816    0.0955    0.0000
    0.0000   -0.1816   -0.3455   -0.4755   -0.5590   -0.5878   -0.5590
   -0.4755   -0.3455   -0.1816    0.0000    0.1816    0.3455    0.4755
    0.5590    0.5878    0.5590    0.4755    0.3455    0.1816    0.0000
    0.0000   -0.2500   -0.4755   -0.6545   -0.7694   -0.8090   -0.7694
   -0.6545   -0.4755   -0.2500    0.0000    0.2500    0.4755    0.6545
    0.7694    0.8090    0.7694    0.6545    0.4755    0.2500    0.0000
    0.0000   -0.2939   -0.5590   -0.7694   -0.9045   -0.9511   -0.9045
   -0.7694   -0.5590   -0.2939    0.0000    0.2939    0.5590    0.7694
    0.9045    0.9511    0.9045    0.7694    0.5590    0.2939    0.0000
    0.0000   -0.3090   -0.5878   -0.8090   -0.9511   -1.0000   -0.9511
   -0.8090   -0.5878   -0.3090    0.0000    0.3090    0.5878    0.8090
    0.9511    1.0000    0.9511    0.8090    0.5878    0.3090    0.0000
    0.0000   -0.2939   -0.5590   -0.7694   -0.9045   -0.9511   -0.9045
   -0.7694   -0.5590   -0.2939    0.0000    0.2939    0.5590    0.7694
    0.9045    0.9511    0.9045    0.7694    0.5590    0.2939    0.0000
    0.0000   -0.2500   -0.4755   -0.6545   -0.7694   -0.8090   -0.7694
   -0.6545   -0.4755   -0.2500    0.0000    0.2500    0.4755    0.6545
    0.7694    0.8090    0.7694    0.6545    0.4755    0.2500    0.0000
    0.0000   -0.1816   -0.3455   -0.4755   -0.5590   -0.5878   -0.5590
   -0.4755   -0.3455   -0.1816    0.0000    0.1816    0.3455    0.4755
    0.5590    0.5878    0.5590    0.4755    0.3455    0.1816    0.0000
    0.0000   -0.0955   -0.1816   -0.2500   -0.2939   -0.3090   -0.2939
   -0.2500   -0.1816   -0.0955    0.0000    0.0955    0.1816    0.2500
    0.2939    0.3090    0.2939    0.2500    0.1816    0.0955    0.0000
    0.0000    0.0000    0.0000    0.0000    0.0000    0.0000    0.0000
    0.0000    0.0000    0.0000    0.0000    0.0000    0.0000    0.0000
    0.0000    0.0000    0.0000    0.0000    0.0000    0.0000    0.0000
    0.0000    0.0955    0.1816    0.2500    0.2939    0.3090    0.2939
    0.2500    0.1816    0.0955    0.0000    0.0000    0.1816    0.3455
    0.4755    0.5590    0.5878    0.5590    0.4755    0.3455    0.1816
    0.0000    0.0000    0.2500    0.4755    0.6545    0.7694    0.8090
    0.7694    0.6545    0.4755    0.2500    0.0000    0.0000    0.2939
    0.5590    0.7694    0.9045    0.9511    0.9045    0.7694    0.5590
    0.2939    0.0000    0.0000    0.3090    0.5878    0.8090    0.9511
    1.0000    0.9511    0.8090    0.5878    0.3090    0.0000    0.0000
    0.2939    0.5590    0.7694    0.9045    0.9511    0.9045    0.7694
    0.5590    0.2939    0.0000    0.0000    0.2500    0.4755    0.6545
    0.7694    0.8090    0.7694    0.6545    0.4755    0.2500    0.0000
    0.0000    0.1816    0.3455    0.4755    0.5590    0.5878    0.5590
    0.4755    0.3455    0.1816    0.0000    0.0000    0.0955    0.1816
    0.2500    0.2939    0.3090    0.2939    0.2500    0.1816    0.0955
    0.0000    0.0000    0.0000    0.0000    0.0000    0.0000    0.0000
    0.0000    0.0000    0.0000    0.0000    0.0000
L4 
    0.0000    0.0000    0.0000    0.0000    0.0000    0.0000    0.0000
    0.0000    0.0000    0.0000    0.0000    0.0000    0.0000    0.0000
    0.0000    0.0000    0.0000    0.0000    0.0000    0.0000    0.0000
    0.0000    0.0000   -0.0127   -0.0470   -0.1054   -0.1831   -0.2679
   -0.3435   -0.3930   -0.4025   -0.3653   -0.2830   -0.1666   -0.0339
    0.0930    0.1929    0.2489    0.2519    0.2030    0.1129    0.0000
    0.0000    0.0127    0.0000   -0.0561   -0.1612   -0.3058   -0.4671
   -0.6135   -0.7118   -0.7352   -0.6697   -0.5183   -0.3012   -0.0527
    0.1859    0.3735    0.4780    0.4823    0.3881    0.2157    0.0000
    0.0000    0.0470    0.0561    0.0000   -0.1306   -0.3232   -0.5458
   -0.7536   -0.8991   -0.9434   -0.8658   -0.6690   -0.3804   -0.0466
    0.2750    0.5280    0.6678    0.6706    0.5384    0.2989    0.0000
    0.0000    0.1054    0.1612    0.1306    0.0000   -0.2168   -0.4810
   -0.7374   -0.9267   -1.0000   -0.9298   -0.7177   -0.3947   -0.0155
    0.3523    0.6417    0.7999    0.7983    0.6391    0.3543    0.0000
    0.0000    0.1831    0.3058    0.3232    0.2168    0.0000   -0.2844
   -0.5741   -0.8016   -0.9098   -0.8660   -0.6691   -0.3509    0.0311
    0.4050    0.6996    0.8585    0.8512    0.6793    0.3760    0.0000
    0.0000    0.2679    0.4671    0.5458    0.4810    0.2844    0.0000
   -0.3065   -0.5630   -0.7077   -0.7038   -0.5476   -0.2689    0.0764
    0.4189    0.6894    0.8333    0.8209    0.6530    0.3609    0.0000
    0.0000    0.3435    0.6135    0.7536    0.7374    0.5741    0.3065
    0.0000   -0.2727   -0.4486   -0.4893   -0.3893   -0.1752    0.1027
    0.3829    0.6052    0.7219    0.7070    0.5608    0.3096    0.0000
    0.0000    0.3930    0.7118    0.8991    0.9267    0.8016    0.5630
    0.2727    0.0000   -0.1945   -0.2733   -0.2313   -0.0936    0.0974
    0.2940    0.4507    0.5321    0.5187    0.4106    0.2264    0.0000
    0.0000    0.4025    0.7352    0.9434    1.0000    0.9098    0.7077
    0.4486    0.1945    0.0000   -0.0987   -0.1002   -0.0368    0.0593
    0.1600    0.2407    0.2823    0.2744    0.2169    0.1195    0.0000
    0.0000    0.3653    0.6697    0.8658    0.9298    0.8660    0.7038
    0.4893    0.2733    0.0987    0.0000    0.0000    0.0000    0.0000
    0.0000    0.0000    0.0000    0.0000    0.0000    0.0000    0.0000
    0.0000    0.2830    0.5183    0.6690    0.7177    0.6691    0.5476
    0.3893    0.2313    0.1002    0.0000    0.0000    0.1666    0.3012
    0.3804    0.3947    0.3509    0.2689    0.1752    0.0936    0.0368
    0.0000    0.0000    0.0339    0.0527    0.0466    0.0155   -0.0311
   -0.0764   -0.1027   -0.0974   -0.0593    0.0000    0.0000   -0.0930
   -0.1859   -0.2750   -0.3523   -0.4050   -0.4189   -0.3829   -0.2940
   -0.1600    0.0000    0.0000   -0.1929   -0.3735   -0.5280   -0.6417
   -0.6996   -0.6894   -0.6052   -0.4507   -0.2407    0.0000    0.0000
   -0.2489   -0.4780   -0.6678   -0.7999   -0.8585   -0.8333   -0.7219
   -0.5321   -0.2823    0.0000    0.0000   -0.2519   -0.4823   -0.6706
   -0.7983   -0.8512   -0.8209   -0.7070   -0.5187   -0.2744    0.0000
    0.0000   -0.2030   -0.3881   -0.5384   -0.6391   -0.6793   -0.6530
   -0.5608   -0.4106   -0.2169    0.0000    0.0000   -0.1129   -0.2157
   -0.2989   -0.3543   -0.3760   -0.3609   -0.3096   -0.2264   -0.1195
    0.0000    0.0000    0.0000    0.0000    0.0000    0.0000    0.0000
    0.0000    0.0000    0.0000    0.0000    0.0000
L5 
    0.0000    0.0000    0.0000    0.0000    0.0000    0.0000    0.0000
    0.0000    0.0000    0.0000    0.0000    0.0000    0.0000    0.0000
    0.0000    0.0000    0.0000    0.0000    0.0000    0.0000    0.0000
    0.0000   -0.2006   -0.3697   -0.4825   -0.5253   -0.4986   -0.4158
   -0.3000   -0.1784   -0.0764   -0.0124    0.0052   -0.0205   -0.0769
   -0.1450   -0.2040   -0.2358   -0.2291   -0.1816   -0.1003    0.0000
    0.0000   -0.3697   -0.6799   -0.8835   -0.9555   -0.8970   -0.7345
   -0.5121   -0.2817   -0.0913    0.0247    0.0515   -0.0044   -0.1184
   -0.2540   -0.3714   -0.4363   -0.4272   -0.3400   -0.1882    0.0000
    0.0000   -0.4825   -0.8835   -1.1393   -1.2164   -1.1183   -0.8828
   -0.5719   -0.2573   -0.0040    0.1422    0.1633    0.0700   -0.1022
   -0.3023   -0.4753   -0.5742   -0.5696   -0.4563   -0.2534    0.0000
    0.0000   -0.5253   -0.9555   -1.2164   -1.2710   -1.1264   -0.8298
   -0.4566   -0.0914    0.1905    0.3390    0.3367    0.1999   -0.0272
   -0.2837   -0.5048   -0.6355   -0.6422   -0.5192   -0.2895    0.0000
    0.0000   -0.4986   -0.8970   -1.1183   -1.1264   -0.9330   -0.5931
   -0.1900    0.1858    0.4579    0.5788    0.5374    0.3562    0.0847
   -0.2121   -0.4665   -0.6216   -0.6430   -0.5256   -0.2946    0.0000
    0.0000   -0.4158   -0.7345   -0.8828   -0.8298   -0.5931   -0.2332
    0.1637    0.5086    0.7320    0.7984    0.7078    0.4900    0.1947
   -0.1166   -0.3810   -0.5461   -0.5805   -0.4804   -0.2709    0.0000
    0.0000   -0.3000   -0.5121   -0.5719   -0.4566   -0.1900    0.1637
    0.5192    0.7942    0.9337    0.9231    0.7822    0.5469    0.2596
   -0.0310   -0.2747   -0.4294   -0.4697   -0.3936   -0.2232    0.0000
    0.0000   -0.1784   -0.2817   -0.2573   -0.0914    0.1858    0.5086
    0.7942    0.9686    0.9934    0.8865    0.7039    0.4843    0.2473
    0.0186   -0.1704   -0.2913   -0.3272   -0.2773   -0.1580    0.0000
    0.0000   -0.0764   -0.0913   -0.0040    0.1905    0.4579    0.7320
    0.9337    0.9934    0.8780    0.6396    0.4390    0.2895    0.1515
    0.0242   -0.0795   -0.1461   -0.1673   -0.1428   -0.0816    0.0000
    0.0000   -0.0124    0.0247    0.1422    0.3390    0.5788    0.7984
    0.9231    0.8865    0.6396    0.0000    0.0000    0.0000    0.0000
    0.0000    0.0000    0.0000    0.0000    0.0000    0.0000    0.0000
    0.0000    0.0052    0.0515    0.1633    0.3367    0.5374    0.7078
    0.7822    0.7039    0.4390    0.0000    0.0000   -0.0205   -0.0044
    0.0700    0.1999    0.3562    0.4900    0.5469    0.4843    0.2895
    0.0000    0.0000   -0.0769   -0.1184   -0.1022   -0.0272    0.0847
    0.1947    0.2596    0.2473    0.1515    0.0000    0.0000   -0.1450
   -0.2540   -0.3023   -0.2837   -0.2121   -0.1166   -0.0310    0.0186
    0.0242    0.0000    0.0000   -0.2040   -0.3714   -0.4753   -0.5048
   -0.4665   -0.3810   -0.2747   -0.1704   -0.0795    0.0000    0.0000
   -0.2358   -0.4363   -0.5742   -0.6355   -0.6216   -0.5461   -0.4294
   -0.2913   -0.1461    0.0000    0.0000   -0.2291   -0.4272   -0.5696
   -0.6422   -0.6430   -0.5805   -0.4697   -0.3272   -0.1673    0.0000
    0.0000   -0.1816   -0.3400   -0.4563   -0.5192   -0.5256   -0.4804
   -0.3936   -0.2773   -0.1428    0.0000    0.0000   -0.1003   -0.1882
   -0.2534   -0.2895   -0.2946   -0.2709   -0.2232   -0.1580   -0.0816
    0.0000    0.0000    0.0000    0.0000    0.0000    0.0000    0.0000
    0.0000    0.0000    0.0000    0.0000    0.0000
L6 
    0.0000    0.0000    0.0000    0.0000    0.0000    0.0000    0.0000
    0.0000    0.0000    0.0000    0.0000    0.0000    0.0000    0.0000
    0.0000    0.0000    0.0000    0.0000    0.0000    0.0000    0.0000
    0.0000    0.0355    0.0635    0.0752    0.0604    0.0101   -0.0802
   -0.2066   -0.3543   -0.4994   -0.6140   -0.6731   -0.6624   -0.5831
   -0.4524   -0.2991   -0.1558   -0.0490    0.0077    0.0177    0.0000
    0.0000    0.0635    0.1165    0.1450    0.1306    0.0550   -0.0930
   -0.3090   -0.5682   -0.8278   -1.0356   -1.1443   -1.1261   -0.9824
   -0.7451   -0.4683   -0.2128   -0.0289    0.0583    0.0558    0.0000
    0.0000    0.0752    0.1450    0.1964    0.2067    0.1478   -0.0018
   -0.2441   -0.5526   -0.8737   -1.1378   -1.2801   -1.2606   -1.0792
   -0.7775   -0.4281   -0.1136    0.0982    0.1739    0.1242    0.0000
    0.0000    0.0604    0.1306    0.2067    0.2654    0.2691    0.1812
   -0.0150   -0.3013   -0.6231   -0.9021   -1.0605   -1.0481   -0.8609
   -0.5444   -0.1816    0.1327    0.3202    0.3434    0.2162    0.0000
    0.0000    0.0101    0.0550    0.1478    0.2691    0.3715    0.3983
    0.3104    0.1079   -0.1630   -0.4219   -0.5831   -0.5872   -0.4243
   -0.1385    0.1857    0.4507    0.5759    0.5232    0.3093    0.0000
    0.0000   -0.0802   -0.0930   -0.0018    0.1812    0.3983    0.5694
    0.6262    0.5433    0.3524    0.1317   -0.0267   -0.0557    0.0610
    0.2847    0.5368    0.7256    0.7756    0.6521    0.3721    0.0000
    0.0000   -0.2066   -0.3090   -0.2441   -0.0150    0.3104    0.6262
    0.8310    0.8697    0.7568    0.5701    0.4110    0.3532    0.4155
    0.5652    0.7347    0.8459    0.8351    0.6734    0.3765    0.0000
    0.0000   -0.3543   -0.5682   -0.5526   -0.3013    0.1079    0.5433
    0.8697    1.0000    0.9310    0.7491    0.5802    0.5000    0.5165
    0.5989    0.6950    0.7468    0.7080    0.5578    0.3081    0.0000
    0.0000   -0.4994   -0.8278   -0.8737   -0.6231   -0.1630    0.3524
    0.7568    0.9310    0.8462    0.6038    0.4231    0.3508    0.3458
    0.3791    0.4201    0.4374    0.4064    0.3164    0.1737    0.0000
    0.0000   -0.6140   -1.0356   -1.1378   -0.9021   -0.4219    0.1317
    0.5701    0.7491    0.6038    0.0000    0.0000    0.0000    0.0000
    0.0000    0.0000    0.0000    0.0000    0.0000    0.0000    0.0000
    0.0000   -0.6731   -1.1443   -1.2801   -1.0605   -0.5831   -0.0267
    0.4110    0.5802    0.4231    0.0000    0.0000   -0.6624   -1.1261
   -1.2606   -1.0481   -0.5872   -0.0557    0.3532    0.5000    0.3508
    0.0000    0.0000   -0.5831   -0.9824   -1.0792   -0.8609   -0.4243
    0.0610    0.4155    0.5165    0.3458    0.0000    0.0000   -0.4524
   -0.7451   -0.7775   -0.5444   -0.1385    0.2847    0.5652    0.5989
    0.3791    0.0000    0.0000   -0.2991   -0.4683   -0.4281   -0.1816
    0.1857    0.5368    0.7347    0.6950    0.4201    0.0000    0.0000
   -0.1558   -0.2128   -0.1136    0.1327    0.4507    0.7256    0.8459
    0.7468    0.4374    0.0000    0.0000   -0.0490   -0.0289    0.0982
    0.3202    0.5759    0.7756    0.8351    0.7080    0.4064    0.0000
    0.0000    0.0077    0.0583    0.1739    0.3434    0.5232    0.6521
    0.6734    0.5578    0.3164    0.0000    0.0000    0.0177    0.0558
    0.1242    0.2162    0.3093    0.3721    0.3765    0.3081    0.1737
    0.0000    0.0000    0.0000    0.0000    0.0000    0.0000    0.0000
    0.0000    0.0000    0.0000    0.0000    0.0000
L7 
    0.0000    0.0000    0.0000    0.0000    0.0000    0.0000    0.0000
    0.0000    0.0000    0.0000    0.0000    0.0000    0.0000    0.0000
    0.0000    0.0000    0.0000    0.0000    0.0000    0.0000    0.0000
    0.0000    0.0000    0.0157    0.0560    0.1190    0.1927    0.2601
    0.3058    0.3228    0.3154    0.2974    0.2861    0.2953    0.3286
    0.3767    0.4201    0.4349    0.4013    0.3108    0.1701    0.0000
    0.0000   -0.0157    0.0000    0.0649    0.1756    0.3083    0.4291
    0.5076    0.5301    0.5048    0.4591    0.4278    0.4384    0.4993
    0.5940    0.6855    0.7284    0.6842    0.5359    0.2951    0.0000
    0.0000   -0.0560   -0.0649    0.0000    0.1339    0.3021    0.4542
    0.5455    0.5553    0.4959    0.4076    0.3420    0.3410    0.4191
    0.5556    0.7005    0.7906    0.7721    0.6193    0.3454    0.0000
    0.0000   -0.1190   -0.1756   -0.1339    0.0000    0.1810    0.3432
    0.4282    0.4089    0.3011    0.1570    0.0437    0.0169    0.0984
    0.2668    0.4643    0.6161    0.6567    0.5528    0.3160    0.0000
    0.0000   -0.1927   -0.3083   -0.3021   -0.1810    0.0000    0.1606
    0.2294    0.1736    0.0122   -0.1922   -0.3593   -0.4221   -0.3516
   -0.1672    0.0710    0.2833    0.3984    0.3772    0.2274    0.0000
    0.0000   -0.2601   -0.4291   -0.4542   -0.3432   -0.1606    0.0000
    0.0555   -0.0317   -0.2390   -0.4951   -0.7099   -0.8098   -0.7618
   -0.5820   -0.3278   -0.0764    0.1014    0.1649    0.1166    0.0000
    0.0000   -0.3058   -0.5076   -0.5455   -0.4282   -0.2294   -0.0555
    0.0000   -0.1037   -0.3387   -0.6247   -0.8666   -0.9922   -0.9710
   -0.8173   -0.5810   -0.3298   -0.1264   -0.0083    0.0228    0.0000
    0.0000   -0.3228   -0.5301   -0.5553   -0.4089   -0.1736    0.0317
    0.1037    0.0000   -0.2424   -0.5289   -0.7630   -0.8883   -0.8885
   -0.7781   -0.5957   -0.3920   -0.2142   -0.0917   -0.0275    0.0000
    0.0000   -0.3154   -0.5048   -0.4959   -0.3011   -0.0122    0.2390
    0.3387    0.2424    0.0000   -0.2612   -0.4358   -0.5206   -0.5279
   -0.4709   -0.3716   -0.2574   -0.1539   -0.0771   -0.0293    0.0000
    0.0000   -0.2974   -0.4591   -0.4076   -0.1570    0.1922    0.4951
    0.6247    0.5289    0.2612    0.0000    0.0000    0.0000    0.0000
    0.0000    0.0000    0.0000    0.0000    0.0000    0.0000    0.0000
    0.0000   -0.2861   -0.4278   -0.3420   -0.0437    0.3593    0.7099
    0.8666    0.7630    0.4358    0.0000    0.0000   -0.2953   -0.4384
   -0.3410   -0.0169    0.4221    0.8098    0.9922    0.8883    0.5206
    0.0000    0.0000   -0.3286   -0.4993   -0.4191   -0.0984    0.3516
    0.7618    0.9710    0.8885    0.5279    0.0000    0.0000   -0.3767
   -0.5940   -0.5556   -0.2668    0.1672    0.5820    0.8173    0.7781
    0.4709    0.0000    0.0000   -0.4201   -0.6855   -0.7005   -0.4643
   -0.0710    0.3278    0.5810    0.5957    0.3716    0.0000    0.0000
   -0.4349   -0.7284   -0.7906   -0.6161   -0.2833    0.0764    0.3298
    0.3920    0.2574    0.0000    0.0000   -0.4013   -0.6842   -0.7721
   -0.6567   -0.3984   -0.1014    0.1264    0.2142    0.1539    0.0000
    0.0000   -0.3108   -0.5359   -0.6193   -0.5528   -0.3772   -0.1649
    0.0083    0.0917    0.0771    0.0000    0.0000   -0.1701   -0.2951
   -0.3454   -0.3160   -0.2274   -0.1166   -0.0228    0.0275    0.0293
    0.0000    0.0000    0.0000    0.0000    0.0000    0.0000    0.0000
    0.0000    0.0000    0.0000    0.0000    0.0000
L8 
    0.0000    0.0000    0.0000    0.0000    0.0000    0.0000    0.0000
    0.0000    0.0000    0.0000    0.0000    0.0000    0.0000    0.0000
    0.0000    0.0000    0.0000    0.0000    0.0000    0.0000    0.0000
    0.0000    0.0000    0.0335    0.1180    0.2452    0.3820    0.4813
    0.5000    0.4155    0.2361    0.0000   -0.2361   -0.4155   -0.5000
   -0.4813   -0.3820   -0.2452   -0.1180   -0.0335    0.0000    0.0000
    0.0000   -0.0335    0.0000    0.1367    0.3633    0.6180    0.8123
    0.8633    0.7265    0.4155    0.0000   -0.4155   -0.7265   -0.8633
   -0.8123   -0.6180   -0.3633   -0.1367    0.0000    0.0335    0.0000
    0.0000   -0.1180   -0.1367    0.0000    0.2788    0.6180    0.8968
    1.0000    0.8633    0.5000    0.0000   -0.5000   -0.8633   -1.0000
   -0.8968   -0.6180   -0.2788    0.0000    0.1367    0.1180    0.0000
    0.0000   -0.2452   -0.3633   -0.2788    0.0000    0.3820    0.7265
    0.8968    0.8123    0.4813    0.0000   -0.4813   -0.8123   -0.8968
   -0.7265   -0.3820    0.0000    0.2788    0.3633    0.2452    0.0000
    0.0000   -0.3820   -0.6180   -0.6180   -0.3820    0.0000    0.3820
    0.6180    0.6180    0.3820    0.0000   -0.3820   -0.6180   -0.6180
   -0.3820    0.0000    0.3820    0.6180    0.6180    0.3820    0.0000
    0.0000   -0.4813   -0.8123   -0.8968   -0.7265   -0.3820    0.0000
    0.2788    0.3633    0.2452    0.0000   -0.2452   -0.3633   -0.2788
    0.0000    0.3820    0.7265    0.8968    0.8123    0.4813    0.0000
    0.0000   -0.5000   -0.8633   -1.0000   -0.8968   -0.6180   -0.2788
    0.0000    0.1367    0.1180    0.0000   -0.1180   -0.1367    0.0000
    0.2788    0.6180    0.8968    1.0000    0.8633    0.5000    0.0000
    0.0000   -0.4155   -0.7265   -0.8633   -0.8123   -0.6180   -0.3633
   -0.1367    0.0000    0.0335    0.0000   -0.0335    0.0000    0.1367
    0.3633    0.6180    0.8123    0.8633    0.7265    0.4155    0.0000
    0.0000   -0.2361   -0.4155   -0.5000   -0.4813   -0.3820   -0.2452
   -0.1180   -0.0335    0.0000    0.0000    0.0000    0.0335    0.1180
    0.2452    0.3820    0.4813    0.5000    0.4155    0.2361    0.0000
    0.0000    0.0000    0.0000    0.0000    0.0000    0.0000    0.0000
    0.0000    0.0000    0.0000    0.0000    0.0000    0.0000    0.0000
    0.0000    0.0000    0.0000    0.0000    0.0000    0.0000    0.0000
    0.0000    0.2361    0.4155    0.5000    0.4813    0.3820    0.2452
    0.1180    0.0335    0.0000    0.0000    0.0000    0.4155    0.7265
    0.8633    0.8123    0.6180    0.3633    0.1367    0.0000   -0.0335
    0.0000    0.0000    0.5000    0.8633    1.0000    0.8968    0.6180
    0.2788    0.0000   -0.1367   -0.1180    0.0000    0.0000    0.4813
    0.8123    0.8968    0.7265    0.3820    0.0000   -0.2788   -0.3633
   -0.2452    0.0000    0.0000    0.3820    0.6180    0.6180    0.3820
    0.0000   -0.3820   -0.6180   -0.6180   -0.3820    0.0000    0.0000
    0.2452    0.3633    0.2788    0.0000   -0.3820   -0.7265   -0.8968
   -0.8123   -0.4813    0.0000    0.0000    0.1180    0.1367    0.0000
   -0.2788   -0.6180   -0.8968   -1.0000   -0.8633   -0.5000    0.0000
    0.0000    0.0335    0.0000   -0.1367   -0.3633   -0.6180   -0.8123
   -0.8633   -0.7265   -0.4155    0.0000    0.0000    0.0000   -0.0335
   -0.1180   -0.2452   -0.3820   -0.4813   -0.5000   -0.4155   -0.2361
    0.0000    0.0000    0.0000    0.0000    0.0000    0.0000    0.0000
    0.0000    0.0000    0.0000    0.0000    0.0000
L9 
    0.0000    0.0000    0.0000    0.0000    0.0000    0.0000    0.0000
    0.0000    0.0000    0.0000    0.0000    0.0000    0.0000    0.0000
    0.0000    0.0000    0.0000    0.0000    0.0000    0.0000    0.0000
    0.0000   -0.2361   -0.4155   -0.5000   -0.4813   -0.3820   -0.2452
   -0.1180   -0.0335    0.0000    0.0000    0.0000    0.0335    0.1180
    0.2452    0.3820    0.4813    0.5000    0.4155    0.2361    0.0000
    0.0000   -0.4155   -0.7265   -0.8633   -0.8123   -0.6180   -0.3633
   -0.1367    0.0000    0.0335    0.0000   -0.0335    0.0000    0.1367
    0.3633    0.6180    0.8123    0.8633    0.7265    0.4155    0.0000
    0.0000   -0.5000   -0.8633   -1.0000   -0.8968   -0.6180   -0.2788
    0.0000    0.1367    0.1180    0.0000   -0.1180   -0.1367    0.0000
    0.2788    0.6180    0.8968    1.0000    0.8633    0.5000    0.0000
    0.0000   -0.4813   -0.8123   -0.8968   -0.7265   -0.3820    0.0000
    0.2788    0.3633    0.2452    0.0000   -0.2452   -0.3633   -0.2788
    0.0000    0.3820    0.7265    0.8968    0.8123    0.4813    0.0000
    0.0000   -0.3820   -0.6180   -0.6180   -0.3820    0.0000    0.3820
    0.6180    0.6180    0.3820    0.0000   -0.3820   -0.6180   -0.6180
   -0.3820    0.0000    0.3820    0.6180    0.6180    0.3820    0.0000
    0.0000   -0.2452   -0.3633   -0.2788    0.0000    0.3820    0.7265
    0.8968    0.8123    0.4813    0.0000   -0.4813   -0.8123   -0.8968
   -0.7265   -0.3820    0.0000    0.2788    0.3633    0.2452    0.0000
    0.0000   -0.1180   -0.1367    0.0000    0.2788    0.6180    0.8968
    1.0000    0.8633    0.5000    0.0000   -0.5000   -0.8633   -1.0000
   -0.8968   -0.6180   -0.2788    0.0000    0.1367    0.1180    0.0000
    0.0000   -0.0335    0.0000    0.1367    0.3633    0.6180    0.8123
    0.8633    0.7265    0.4155    0.0000   -0.4155   -0.7265   -0.8633
   -0.8123   -0.6180   -0.3633   -0.1367    0.0000    0.0335    0.0000
    0.0000    0.0000    0.0335    0.1180    0.2452    0.3820    0.4813
    0.5000    0.4155    0.2361    0.0000   -0.2361   -0.4155   -0.5000
   -0.4813   -0.3820   -0.2452   -0.1180   -0.0335    0.0000    0.0000
    0.0000    0.0000    0.0000    0.0000    0.0000    0.0000    0.0000
    0.0000    0.0000    0.0000    0.0000    0.0000    0.0000    0.0000
    0.0000    0.0000    0.0000    0.0000    0.0000    0.0000    0.0000
    0.0000    0.0000   -0.0335   -0.1180   -0.2452   -0.3820   -0.4813
   -0.5000   -0.4155   -0.2361    0.0000    0.0000    0.0335    0.0000
   -0.1367   -0.3633   -0.6180   -0.8123   -0.8633   -0.7265   -0.4155
    0.0000    0.0000    0.1180    0.1367    0.0000   -0.2788   -0.6180
   -0.8968   -1.0000   -0.8633   -0.5000    0.0000    0.0000    0.2452
    0.3633    0.2788    0.0000   -0.3820   -0.7265   -0.8968   -0.8123
   -0.4813    0.0000    0.0000    0.3820    0.6180    0.6180    0.3820
    0.0000   -0.3820   -0.6180   -0.6180   -0.3820    0.0000    0.0000
    0.4813    0.8123    0.8968    0.7265    0.3820    0.0000   -0.2788
   -0.3633   -0.2452    0.0000    0.0000    0.5000    0.8633    1.0000
    0.8968    0.6180    0.2788    0.0000   -0.1367   -0.1180    0.0000
    0.0000    0.4155    0.7265    0.8633    0.8123    0.6180    0.3633
    0.1367    0.0000   -0.0335    0.0000    0.0000    0.2361    0.4155
    0.5000    0.4813    0.3820    0.2452    0.1180    0.0335    0.0000
    0.0000    0.0000    0.0000    0.0000    0.0000    0.0000    0.0000
    0.0000    0.0000    0.0000    0.0000    0.0000
L10
    0.0000    0.0000    0.0000    0.0000    0.0000    0.0000    0.0000
    0.0000    0.0000    0.0000    0.0000    0.0000    0.0000    0.0000
    0.0000    0.0000    0.0000    0.0000    0.0000    0.0000    0.0000
    0.0000    0.2596    0.4475    0.5125    0.4392    0.2513    0.0039
   -0.2332   -0.3961   -0.4448   -0.3731   -0.2074    0.0036    0.2056
    0.3545    0.4270    0.4226    0.3571    0.2530    0.1298    0.0000
    0.0000    0.4475    0.7702    0.8799    0.7502    0.4231   -0.0047
   -0.4116   -0.6872   -0.7638   -0.6333   -0.3447    0.0153    0.3516
    0.5903    0.6957    0.6730    0.5555    0.3851    0.1945    0.0000
    0.0000    0.5125    0.8799    1.0000    0.8435    0.4615   -0.0316
   -0.4935   -0.7971   -0.8672   -0.7006   -0.3615    0.0435    0.4027
    0.6346    0.7090    0.6468    0.5000    0.3244    0.1555    0.0000
    0.0000    0.4392    0.7502    0.8435    0.6959    0.3557   -0.0723
   -0.4609   -0.6995   -0.7277   -0.5527   -0.2434    0.0950    0.3601
    0.4870    0.4682    0.3479    0.1968    0.0772    0.0167    0.0000
    0.0000    0.2513    0.4231    0.4615    0.3557    0.1412   -0.1124
   -0.3236   -0.4256   -0.3894   -0.2335   -0.0199    0.1681    0.2576
    0.2171    0.0706   -0.1125   -0.2475   -0.2726   -0.1757    0.0000
    0.0000    0.0039   -0.0047   -0.0316   -0.0723   -0.1124   -0.1328
   -0.1162   -0.0551    0.0438    0.1558    0.2395    0.2465    0.1431
   -0.0664   -0.3295   -0.5593   -0.6662   -0.5950   -0.3506    0.0000
    0.0000   -0.2332   -0.4116   -0.4935   -0.4609   -0.3236   -0.1162
    0.1111    0.3082    0.4385    0.4851    0.4411    0.2983    0.0555
   -0.2593   -0.5811   -0.8210   -0.8962   -0.7632   -0.4388    0.0000
    0.0000   -0.3961   -0.6872   -0.7971   -0.6995   -0.4256   -0.0551
    0.3082    0.5689    0.6740    0.6332    0.4947    0.2844    0.0099
   -0.3016   -0.5937   -0.7945   -0.8406   -0.7025   -0.3997    0.0000
    0.0000   -0.4448   -0.7638   -0.8672   -0.7277   -0.3894    0.0438
    0.4385    0.6740    0.6857    0.5204    0.3429    0.1792   -0.0026
   -0.1957   -0.3695   -0.4843   -0.5057   -0.4192   -0.2374    0.0000
    0.0000   -0.3731   -0.6333   -0.7006   -0.5527   -0.2335    0.1558
    0.4851    0.6332    0.5204    0.0000    0.0000    0.0000    0.0000
    0.0000    0.0000    0.0000    0.0000    0.0000    0.0000    0.0000
    0.0000   -0.2074   -0.3447   -0.3615   -0.2434   -0.0199    0.2395
    0.4411    0.4947    0.3429    0.0000    0.0000    0.0036    0.0153
    0.0435    0.0950    0.1681    0.2465    0.2983    0.2844    0.1792
    0.0000    0.0000    0.2056    0.3516    0.4027    0.3601    0.2576
    0.1431    0.0555    0.0099   -0.0026    0.0000    0.0000    0.3545
    0.5903    0.6346    0.4870    0.2171   -0.0664   -0.2593   -0.3016
   -0.1957    0.0000    0.0000    0.4270    0.6957    0.7090    0.4682
    0.0706   -0.3295   -0.5811   -0.5937   -0.3695    0.0000    0.0000
    0.4226    0.6730    0.6468    0.3479   -0.1125   -0.5593   -0.8210
   -0.7945   -0.4843    0.0000    0.0000    0.3571    0.5555    0.5000
    0.1968   -0.2475   -0.6662   -0.8962   -0.8406   -0.5057    0.0000
    0.0000    0.2530    0.3851    0.3244    0.0772   -0.2726   -0.5950
   -0.7632   -0.7025   -0.4192    0.0000    0.0000    0.1298    0.1945
    0.1555    0.0167   -0.1757   -0.3506   -0.4388   -0.3997   -0.2374
    0.0000    0.0000    0.0000    0.0000    0.0000    0.0000    0.0000
    0.0000    0.0000    0.0000    0.0000    0.0000
L11
    0.0000    0.0000    0.0000    0.0000    0.0000    0.0000    0.0000
    0.0000    0.0000    0.0000    0.0000    0.0000    0.0000    0.0000
    0.0000    0.0000    0.0000    0.0000    0.0000    0.0000    0.0000
    0.0000    0.0000    0.0079    0.0267    0.0544    0.0871    0.1252
    0.1748    0.2436    0.3310    0.4189    0.4716    0.4475    0.3196
    0.0950   -0.1772   -0.4172   -0.5428   -0.5027   -0.3010    0.0000
    0.0000   -0.0079    0.0000    0.0288    0.0714    0.1167    0.1628
    0.2228    0.3171    0.4536    0.6087    0.7222    0.7165    0.5349
    0.1790   -0.2728   -0.6836   -0.9069   -0.8483   -0.5105    0.0000
    0.0000   -0.0267   -0.0288    0.0000    0.0432    0.0761    0.0888
    0.1005    0.1511    0.2727    0.4559    0.6354    0.7091    0.5875
    0.2479   -0.2346   -0.7030   -0.9778   -0.9357   -0.5695    0.0000
    0.0000   -0.0544   -0.0714   -0.0432    0.0000    0.0115   -0.0354
   -0.1200   -0.1787   -0.1415    0.0179    0.2516    0.4486    0.4876
    0.3050   -0.0598   -0.4695   -0.7462   -0.7550   -0.4716    0.0000
    0.0000   -0.0871   -0.1167   -0.0761   -0.0115    0.0000   -0.0964
   -0.2881   -0.4908   -0.5901   -0.5085   -0.2571    0.0611    0.3013
    0.3527    0.1991   -0.0713   -0.3107   -0.3896   -0.2643    0.0000
    0.0000   -0.1252   -0.1628   -0.0888    0.0354    0.0964    0.0000
   -0.2628   -0.5977   -0.8502   -0.8876   -0.6736   -0.2886    0.1132
    0.3831    0.4491    0.3404    0.1591    0.0161   -0.0301    0.0000
    0.0000   -0.1748   -0.2228   -0.1005    0.1200    0.2881    0.2628
    0.0000   -0.4121   -0.7925   -0.9620   -0.8385   -0.4735   -0.0142
    0.3760    0.5894    0.6076    0.4870    0.3120    0.1449    0.0000
    0.0000   -0.2436   -0.3171   -0.1511    0.1787    0.4908    0.5977
    0.4121    0.0000   -0.4495   -0.7259   -0.7159   -0.4519   -0.0614
    0.3092    0.5520    0.6273    0.5580    0.3995    0.2039    0.0000
    0.0000   -0.3310   -0.4536   -0.2727    0.1415    0.5901    0.8502
    0.7925    0.4495    0.0000   -0.3224   -0.3920   -0.2664   -0.0459
    0.1766    0.3330    0.3931    0.3626    0.2685    0.1406    0.0000
    0.0000   -0.4189   -0.6087   -0.4559   -0.0179    0.5085    0.8876
    0.9620    0.7259    0.3224    0.0000    0.0000    0.0000    0.0000
    0.0000    0.0000    0.0000    0.0000    0.0000    0.0000    0.0000
    0.0000   -0.4716   -0.7222   -0.6354   -0.2516    0.2571    0.6736
    0.8385    0.7159    0.3920    0.0000    0.0000   -0.4475   -0.7165
   -0.7091   -0.4486   -0.0611    0.2886    0.4735    0.4519    0.2664
    0.0000    0.0000   -0.3196   -0.5349   -0.5875   -0.4876   -0.3013
   -0.1132    0.0142    0.0614    0.0459    0.0000    0.0000   -0.0950
   -0.1790   -0.2479   -0.3050   -0.3527   -0.3831   -0.3760   -0.3092
   -0.1766    0.0000    0.0000    0.1772    0.2728    0.2346    0.0598
   -0.1991   -0.4491   -0.5894   -0.5520   -0.3330    0.0000    0.0000
    0.4172    0.6836    0.7030    0.4695    0.0713   -0.3404   -0.6076
   -0.6273   -0.3931    0.0000    0.0000    0.5428    0.9069    0.9778
    0.7462    0.3107   -0.1591   -0.4870   -0.5580   -0.3626    0.0000
    0.0000    0.5027    0.8483    0.9357    0.7550    0.3896   -0.0161
   -0.3120   -0.3995   -0.2685    0.0000    0.0000    0.3010    0.5105
    0.5695    0.4716    0.2643    0.0301   -0.1449   -0.2039   -0.1406
    0.0000    0.0000    0.0000    0.0000    0.0000    0.0000    0.0000
    0.0000    0.0000    0.0000    0.0000    0.0000
L12
    0.0000    0.0000    0.0000    0.0000    0.0000    0.0000    0.0000
    0.0000    0.0000    0.0000    0.0000    0.0000    0.0000    0.0000
    0.0000    0.0000    0.0000    0.0000    0.0000    0.0000    0.0000
    0.0000    0.3321    0.5513    0.6024    0.5123    0.3694    0.2702
    0.2638    0.3282    0.3896    0.3717    0.2469    0.0555   -0.1154
   -0.1830   -0.1181    0.0357    0.1854    0.2408    0.1660    0.0000
    0.0000    0.5513    0.8963    0.9368    0.7295    0.4449    0.2652
    0.2794    0.4392    0.5966    0.6009    0.3953    0.0550   -0.2541
   -0.3730   -0.2442    0.0516    0.3392    0.4482    0.3106    0.0000
    0.0000    0.6024    0.9368    0.8826    0.5284    0.1141   -0.1124
   -0.0376    0.2578    0.5555    0.6361    0.4136   -0.0109   -0.4082
   -0.5559   -0.3706    0.0411    0.4413    0.5976    0.4170    0.0000
    0.0000    0.5123    0.7295    0.5284    0.0281   -0.4823   -0.7143
   -0.5479   -0.0982    0.3575    0.5452    0.3555   -0.0948   -0.5334
   -0.6937   -0.4713    0.0140    0.4873    0.6778    0.4766    0.0000
    0.0000    0.3694    0.4449    0.1141   -0.4823   -1.0308   -1.2302
   -0.9697   -0.3931    0.1851    0.4617    0.3163   -0.1265   -0.5753
   -0.7436   -0.5154   -0.0110    0.4846    0.6891    0.4875    0.0000
    0.0000    0.2702    0.2652   -0.1124   -0.7143   -1.2302   -1.3729
   -1.0507   -0.4241    0.1865    0.4839    0.3566   -0.0690   -0.5092
   -0.6865   -0.4867   -0.0206    0.4435    0.6382    0.4531    0.0000
    0.0000    0.2638    0.2794   -0.0376   -0.5479   -0.9697   -1.0507
   -0.7246   -0.1529    0.3719    0.5980    0.4485    0.0463   -0.3623
   -0.5415   -0.3944   -0.0145    0.3706    0.5335    0.3792    0.0000
    0.0000    0.3282    0.4392    0.2578   -0.0982   -0.3931   -0.4241
   -0.1529    0.2694    0.6027    0.6773    0.4842    0.1347   -0.1992
   -0.3551   -0.2666   -0.0035    0.2687    0.3841    0.2727    0.0000
    0.0000    0.3896    0.5966    0.5555    0.3575    0.1851    0.1865
    0.3719    0.6027    0.6887    0.5569    0.3443    0.1185   -0.0766
   -0.1701   -0.1313    0.0019    0.1419    0.2013    0.1427    0.0000
    0.0000    0.3717    0.6009    0.6361    0.5452    0.4617    0.4839
    0.5980    0.6773    0.5569    0.0000    0.0000    0.0000    0.0000
    0.0000    0.0000    0.0000    0.0000    0.0000    0.0000    0.0000
    0.0000    0.2469    0.3953    0.4136    0.3555    0.3163    0.3566
    0.4485    0.4842    0.3443    0.0000    0.0000    0.0555    0.0550
   -0.0109   -0.0948   -0.1265   -0.0690    0.0463    0.1347    0.1185
    0.0000    0.0000   -0.1154   -0.2541   -0.4082   -0.5334   -0.5753
   -0.5092   -0.3623   -0.1992   -0.0766    0.0000    0.0000   -0.1830
   -0.3730   -0.5559   -0.6937   -0.7436   -0.6865   -0.5415   -0.3551
   -0.1701    0.0000    0.0000   -0.1181   -0.2442   -0.3706   -0.4713
   -0.5154   -0.4867   -0.3944   -0.2666   -0.1313    0.0000    0.0000
    0.0357    0.0516    0.0411    0.0140   -0.0110   -0.0206   -0.0145
   -0.0035    0.0019    0.0000    0.0000    0.1854    0.3392    0.4413
    0.4873    0.4846    0.4435    0.3706    0.2687    0.1419    0.0000
    0.0000    0.2408    0.4482    0.5976    0.6778    0.6891    0.6382
    0.5335    0.3841    0.2013    0.0000    0.0000    0.1660    0.3106
    0.4170    0.4766    0.4875    0.4531    0.3792    0.2727    0.1427
    0.0000    0.0000    0.0000    0.0000    0.0000    0.0000    0.0000
    0.0000    0.0000    0.0000    0.0000    0.0000
